-269.507 122.055 -362.013 0 0 0 0 0 -1 0
-269.507 122.055 -362.013 0 0 -30 30 0 -26 0
-269.807 122.055 -332.911 33 43 -15 15 0 -42 30
-218.01 122.255 -300.112 5.00008 46.0003 20.0002 -28.9997 -40 1.90735e-05 60
-179.41 122.655 -271.518 36.9999 65.0005 31.0002 -48.9996 -34 10.9999 90
-157.411 122.655 -271.524 1.99977 48.0008 9.00036 -25.9995 -4.00014 1.99982 90
-108.012 122.655 -271.53 39.9996 48.0008 -34.9996 28.0004 10.9997 -50.0003 90
-79.615 122.655 -271.53 30.9997 5.00105 -4.99953 -8.99969 10.9996 -8.00027 90.0004
-29.9179 122.655 -271.53 24 31.0013 33.0006 -49.9997 -45.0005 11.9998 90.0004
6.48001 122.655 -271.53 9.00027 55.0015 12.0008 -16.9998 -9.00072 -2.00007 90.0004
54.7776 122.655 -271.53 37.0006 36.0015 -37.999 34 6.99902 -46 90.0004
97.0747 122.655 -271.53 37.0008 -3.99818 -20.9988 14.9998 -8.00125 1.00005 45
97.0728 122.655 -271.53 7.00084 0.00205612 -4.99883 -7.00033 -3.00154 1 0